                                                                                                                                    »½ÐÑÖ¡
                                      ¸ñÀ×±àÂëÇ° :

¹ã²¥»½ÐÑÖ¡
{1,0,1,0,1,0,1,0,1,0,1,0,1,0,
1,1,1,0,0,0,1,0,0,1,0, 
0,1,
1,0,
0,1,0,0,0,0,1,0,
1,1,1,1,0,0,0,0,1,1,1,1,0,0,0,0,1,1,1,1,0,0,0,0,1,1,1,1,0,0,0,0,1,1,1,1,
1,1,1,1,0,0,0,0,1,1,1,1,0,0,0,0,1,1,1,1,0,0,0,0,1,1,1,1,0,0,0,0,1,1,1,1, 
0,1,1,0,1,1,1,1,0,0,1,0,1,1,0,1,1,0,1,1,0,1,0,0,1,1,0,1,1,1,1,1,1,1,0,0};

011001000010111100001111000011110000111100001111111100001111000011110000111100001111011011110010110110110100110111111100

                                                                                              



µ¥²¥»½ÐÑÖ¡ 
{1,0,1,0,1,0,1,0,1,0,1,0,1,0 
1,1,1,0,0,0,1,0,0,1,0,
0,1,
0,1,
0,1,0,0,0,0,1,0,
1,1,1,1,0,0,0,0,1,1,1,1,0,0,0,0,1,1,1,1,0,0,0,0,1,1,1,1,0,0,0,0,1,1,1,1,
0,0,0,0,1,1,1,1,0,0,0,0,1,1,1,1,0,0,0,0,1,1,1,1,
1,1,1,1,0,0,0,0,1,1,1,1,0,0,0,0,1,1,1,1,0,0,0,0,1,1,1,1,0,0,0,0,1,1,1,1, 
0,0,1,0,0,1,0,1,0,0,0,0,1,0,1,1,1,1,0,1,0,0,0,0,1,0,0,1,0,1,1,0,0,1,1,1};

010101000010111100001111000011110000111100001111000011110000111100001111111100001111000011110000111100001111001001010000101111010000100101100111

×é²¥»½ÐÑÖ¡
{1,0,1,0,1,0,1,0,1,0,1,0,1,0,
1,1,1,0,0,0,1,0,0,1,0, 
0,1, 
1,1,
0,1,0,0,0,0,1,0, 
1,1,1,1,0,0,0,0,1,1,1,1,0,0,0,0,1,1,1,1,0,0,0,0,1,1,1,1,0,0,0,0,1,1,1,1,
0,0,0,0,1,1,1,1,0,0,0,0,1,1,1,1,0,0,0,0,1,1,1,1,0,0,0,0,1,1,1,1,0,0,0,0,1,1,1,1,0,0,0,0,1,1,1,1,
1,1,1,1,0,0,0,0,1,1,1,1,0,0,0,0,1,1,1,1,0,0,0,0,1,1,1,1,0,0,0,0,1,1,1,1,
0,0,0,0,0,1,0,1,0,1,1,0,1,0,1,0,1,1,0,0,1,0,0,1,1,0,1,0,0,0,1,1,0,0,0,0};

011101000010111100001111000011110000111100001111000011110000111100001111000011110000111100001111111100001111000011110000111100001111000001010110101011001001101000110000




¸ñÀ×Âë¶Ô£º
111100001111:111100001111010000010110
000011110000:000011110000101111101001


                                      ¸ñÀ×±àÂëºó :

¹ã²¥»½ÐÑÖ¡
{1,0,1,0,1,0,1,0,1,0,1,0,1,0,
1,1,1,0,0,0,1,0,0,1,0,
0,1,0,0,
0,0,1,0,
0,1,1,0,0,0,1,1,0,1,0,1,1,1,1,1,
1,1,1,1,0,0,0,0,1,1,1,1,0,1,0,0,0,0,0,1,0,1,1,0,0,0,0,0,1,1,1,1,0,0,0,0,1,0,1,1,1,1,1,0,1,0,0,1,1,1,1,1,0,0,0,0,1,1,1,1,0,1,0,0,0,0,0,1,0,1,1,0,
1,1,1,1,0,0,0,0,1,1,1,1,0,1,0,0,0,0,0,1,0,1,1,0,0,0,0,0,1,1,1,1,0,0,0,0,1,0,1,1,1,1,1,0,1,0,0,1,1,1,1,1,0,0,0,0,1,1,1,1,0,1,0,0,0,0,0,1,0,1,1,0,
0,1,0,0,1,1,1,1,0,1,1,0,1,1,1,0,0,1,1,1,1,0,1,1,0,0,1,0,1,1,0,1,1,0,1,1,1,1,1,0,0,1,0,1,1,1,1,1,0,0,1,1,1,1,1,1,1,0,1,1,1,1,1,1,0,0,1,0,0,1,1,0};

010000100110001101011111111100001111010000010110000011110000101111101001111100001111010000010110111100001111010000010110000011110000101111101001111100001111010000010110010011110110111001111011001011011011111001011111001111111011111100100110




µ¥²¥»½ÐÑÖ¡ 
{1,0,1,0,1,0,1,0,1,0,1,0,1,0,
1,1,1,0,0,0,1,0,0,1,0, 
0,1,0,0,
0,0,1,0,
1,0,1,0,0,1,0,0,0,0,0,0,1,1,1,0,
1,1,1,1,0,0,0,0,1,1,1,1,0,1,0,0,0,0,0,1,0,1,1,0,0,0,0,0,1,1,1,1,0,0,0,0,1,0,1,1,1,1,1,0,1,0,0,1,1,1,1,1,0,0,0,0,1,1,1,1,0,1,0,0,0,0,0,1,0,1,1,0, 
0,0,0,0,1,1,1,1,0,0,0,0,1,0,1,1,1,1,1,0,1,0,0,1,1,1,1,1,0,0,0,0,1,1,1,1,0,1,0,0,0,0,0,1,0,1,1,0,
1,1,1,1,0,0,0,0,1,1,1,1,0,1,0,0,0,0,0,1,0,1,1,0,0,0,0,0,1,1,1,1,0,0,0,0,1,0,1,1,1,1,1,0,1,0,0,1,1,1,1,1,0,0,0,0,1,1,1,1,0,1,0,0,0,0,0,1,0,1,1,0,
0,0,0,0,1,0,1,0,0,1,0,0,1,1,1,1,1,0,0,0,0,0,0,0,0,0,0,0,1,0,1,1,1,1,0,1,1,0,0,1,1,1,0,0,1,0,1,0,1,1,1,0,0,1,1,0,1,0,0,1,1,0,1,1,0,1,0,1,1,1,1,1};

010000101010010000001110111100001111010000010110000011110000101111101001111100001111010000010110000011110000101111101001111100001111010000010110111100001111010000010110000011110000101111101001111100001111010000010110000010100100111110000000000010111101100111001010111001101001101101011111


×é²¥»½ÐÑÖ¡ 
{1,0,1,0,1,0,1,0,1,0,1,0,1,0,
1,1,1,0,0,0,1,0,0,1,0,
0,1,0,0,
0,0,1,0,
1,1,1,0,1,1,1,0,1,0,0,1,1,0,0,1,
1,1,1,1,0,0,0,0,1,1,1,1,0,1,0,0,0,0,0,1,0,1,1,0,0,0,0,0,1,1,1,1,0,0,0,0,1,0,1,1,1,1,1,0,1,0,0,1,1,1,1,1,0,0,0,0,1,1,1,1,0,1,0,0,0,0,0,1,0,1,1,0, 
0,0,0,0,1,1,1,1,0,0,0,0,1,0,1,1,1,1,1,0,1,0,0,1,1,1,1,1,0,0,0,0,1,1,1,1,0,1,0,0,0,0,0,1,0,1,1,0,0,0,0,0,1,1,1,1,0,0,0,0,1,0,1,1,1,1,1,0,1,0,0,1,1,1,1,1,0,0,0,0,1,1,1,1,0,1,0,0,0,0,0,1,0,1,1,0, 
1,1,1,1,0,0,0,0,1,1,1,1,0,1,0,0,0,0,0,1,0,1,1,0,0,0,0,0,1,1,1,1,0,0,0,0,1,0,1,1,1,1,1,0,1,0,0,1,1,1,1,1,0,0,0,0,1,1,1,1,0,1,0,0,0,0,0,1,0,1,1,0, 
0,1,1,0,1,0,1,0,0,0,0,0,1,1,0,0,0,1,0,0,0,1,0,0,1,0,0,1,0,0,1,1,0,1,0,1,1,1,0,0,0,0,0,1,0,1,1,1,0,0,0,0,1,1,0,0,0,1,0,1,1,1,0,0,0,0,1,1,1,1,1,1}; 

010000101110111010011001111100001111010000010110000011110000101111101001111100001111010000010110000011110000101111101001111100001111010000010110000011110000101111101001111100001111010000010110111100001111010000010110000011110000101111101001111100001111010000010110 011010100000110001000100100100110101110000010111000011000101110000111111


///////////////////////////////////////////////////////////////////////////////////////////////////////////////////////////////////////////////////////////////////////////////////////////////////////////////////////////////////////////////////////
         
                                                                                                                                            ¿ØÖÆÖ¡

                                        ¸ñÀ×±àÂëÇ° :
{1,0,1,0,1,0,1,0,1,0,1,0,1,0,
1,1,1,0,0,0,1,0,0,1,0,
1,0,
0,0,0,0,0,0,0,0,0,1,
1,1,1,1,0,0,0,0,1,1,1,1,0,0,0,0,1,1,1,1,0,0,0,0,1,1,1,1,0,0,0,0,1,1,1,1,
0,0,1,0,1,0,1,0,0,0,1,0,1,0,1,1,1,0,0,0,0,0,1,0,1,1,0,0,0,1,0,0,1,1,1,1};

100000000001111100001111000011110000111100001111001010100010101110000010110001001111

                                        ¸ñÀ×±àÂëºó :
{1,0,1,0,1,0,1,0,1,0,1,0,1,0,
1,1,1,0,0,0,1,0,0,1,0,
1,0,0,0,
0,0,0,0,0,0,0,1,0,1,0,0,1,0,0,1,1,1,1,0,
1,1,1,1,0,0,0,0,1,1,1,1,0,1,0,0,0,0,0,1,0,1,1,0,0,0,0,0,1,1,1,1,0,0,0,0,1,0,1,1,1,1,1,0,1,0,0,1,1,1,1,1,0,0,0,0,1,1,1,1,0,1,0,0,0,0,0,1,0,1,1,0,
0,1,0,0,0,1,0,1,0,1,0,0,0,0,1,0,0,1,0,1,0,0,1,0,0,1,0,0,0,0,0,1,1,1,0,1,1,0,1,0,1,1,1,0,0,1,1,0,1,1,1,1,0,0,1,0,0,0,1,1,0,1,0,1,1,0,0,0,1,0,1,0};

100000000001010010011110111100001111010000010110000011110000101111101001111100001111010000010110010001010100001001010010010000011101101011100110111100100011010110001010




