                                                                                                                              »½ÐÑÖ¡
                   ¸ñÀ×±àÂëÇ° :

¹ã²¥»½ÐÑÖ¡
{1,0,1,0,1,0,1,0,1,0,1,0,1,0,
1,1,1,0,0,0,1,0,0,1,0, 
0,1,
1,0,
0,1,0,1,1,0,1,0,
1,1,1,0,0,0,0,1,1,1,1,0,1,1,1,0,0,0,0,1,1,1,1,0,1,1,1,0,0,0,0,1,1,1,1,0,
1,1,1,0,0,0,0,1,1,1,1,0,1,1,1,0,0,0,0,1,1,1,1,0,1,1,1,0,0,0,0,1,1,1,1,0,
1,0,1,0,0,0,0,0,0,0,0,0,1,1,0,0,1,1,1,0,0,1,1,0,1,0,1,0,1,0,1,0,1,0,0,0};

011001011010111000011110111000011110111000011110111000011110111000011110111000011110101000000000110011100110101010101000

µ¥²¥»½ÐÑÖ¡ 
{1,0,1,0,1,0,1,0,1,0,1,0,1,0 
1,1,1,0,0,0,1,0,0,1,0,
0,1,
0,1,
0,1,0,1,1,0,1,0,
1,1,1,0,0,0,0,1,1,1,1,0,1,1,1,0,0,0,0,1,1,1,1,0,1,1,1,0,0,0,0,1,1,1,1,0,
0,0,0,1,1,1,1,0,0,0,0,1,0,0,0,1,1,1,1,0,0,0,0,1,
1,1,1,0,0,0,0,1,1,1,1,0,1,1,1,0,0,0,0,1,1,1,1,0,1,1,1,0,0,0,0,1,1,1,1,0, 
1,1,1,1,1,1,0,0,0,0,0,0,0,1,1,0,0,1,0,0,1,1,0,0,0,1,1,0,1,1,1,1,0,1,0,1};

010101011010111000011110111000011110111000011110000111100001000111100001111000011110111000011110111000011110111111000000011001001100011011110101

×é²¥»½ÐÑÖ¡
{1,0,1,0,1,0,1,0,1,0,1,0,1,0,
1,1,1,0,0,0,1,0,0,1,0, 
0,1, 
1,1,
0,1,0,1,1,0,1,0,
1,1,1,0,0,0,0,1,1,1,1,0,1,1,1,0,0,0,0,1,1,1,1,0,1,1,1,0,0,0,0,1,1,1,1,0,
0,0,0,1,1,1,1,0,0,0,0,1,0,0,0,1,1,1,1,0,0,0,0,1,0,0,0,1,1,1,1,0,0,0,0,1,0,0,0,1,1,1,1,0,0,0,0,1,
1,1,1,0,0,0,0,1,1,1,1,0,1,1,1,0,0,0,0,1,1,1,1,0,1,1,1,0,0,0,0,1,1,1,1,0,
0,0,0,0,0,1,1,1,1,1,0,1,0,0,0,0,0,0,0,0,0,0,1,0,0,0,1,1,1,1,1,0,0,0,1,0};

011101011010111000011110111000011110111000011110000111100001000111100001000111100001000111100001111000011110111000011110111000011110000001111101000000000010001111100010


¸ñÀ×Âë¶Ô£º
111000011110 : 011110000111011001111111
000111100001 : 100001111000100110000000


                     ¸ñÀ×±àÂëºó :

¹ã²¥»½ÐÑÖ¡
{1,0,1,0,1,0,1,0,1,0,1,0,1,0,
1,1,1,0,0,0,1,0,0,1,0, 
0,1,0,1,
1,0,1,0,
0,1,1,0,0,1,1,1,0,0,1,1,0,0,0,1,
0,1,1,1,1,0,0,0,0,1,1,1,0,1,1,0,0,1,1,1,1,1,1,1,0,1,1,1,1,0,0,0,0,1,1,1,0,1,1,0,0,1,1,1,1,1,1,1,0,1,1,1,1,0,0,0,0,1,1,1,0,1,1,0,0,1,1,1,1,1,1,1,
0,1,1,1,1,0,0,0,0,1,1,1,0,1,1,0,0,1,1,1,1,1,1,1,0,1,1,1,1,0,0,0,0,1,1,1,0,1,1,0,0,1,1,1,1,1,1,1,0,1,1,1,1,0,0,0,0,1,1,1,0,1,1,0,0,1,1,1,1,1,1,1,
0,0,0,0,0,0,0,0,0,1,0,1,0,0,1,0,0,1,1,1,1,1,0,0,0,1,1,0,0,1,1,1,0,0,1,1,0,0,0,0,1,0,1,1,0,1,0,1,0,0,0,1,0,1,0,1,0,1,0,1,1,0,1,1,0,0,1,1,0,1,1,0};

010110100110011100110001011110000111011001111111011110000111011001111111011110000111011001111111011110000111011001111111011110000111011001111111011110000111011001111111000000000101001001111100011001110011000010110101000101010101101100110110

µ¥²¥»½ÐÑÖ¡ 
{1,0,1,0,1,0,1,0,1,0,1,0,1,0 
1,1,1,0,0,0,1,0,0,1,0,
0,1,0,1,
1,0,1,0,
1,0,1,0,0,0,0,0,0,1,1,0,0,0,0,0,
0,1,1,1,1,0,0,0,0,1,1,1,0,1,1,0,0,1,1,1,1,1,1,1,0,1,1,1,1,0,0,0,0,1,1,1,0,1,1,0,0,1,1,1,1,1,1,1,0,1,1,1,1,0,0,0,0,1,1,1,0,1,1,0,0,1,1,1,1,1,1,1,
1,0,0,0,0,1,1,1,1,0,0,0,1,0,0,1,1,0,0,0,0,0,0,0,1,0,0,0,0,1,1,1,1,0,0,0,1,0,0,1,1,0,0,0,0,0,0,0,   
0,1,1,1,1,0,0,0,0,1,1,1,0,1,1,0,0,1,1,1,1,1,1,1,0,1,1,1,1,0,0,0,0,1,1,1,0,1,1,0,0,1,1,1,1,1,1,1,0,1,1,1,1,0,0,0,0,1,1,1,0,1,1,0,0,1,1,1,1,1,1,1,
0,0,0,0,0,0,1,1,1,1,1,1,0,0,1,1,0,0,1,0,1,1,1,0,0,0,1,1,0,0,1,0,0,1,1,0,1,1,0,1,1,0,1,1,1,0,0,0,1,0,1,0,1,1,1,1,0,1,1,0,1,0,1,1,0,1,0,1,1,1,0,1};

010110101010000001100000011110000111011001111111011110000111011001111111011110000111011001111111100001111000100110000000100001111000100110000000011110000111011001111111011110000111011001111111011110000111011001111111000000111111001100101110001100100110110110111000101011110110101101011101


×é²¥»½ÐÑÖ¡ 
{1,0,1,0,1,0,1,0,1,0,1,0,1,0,
1,1,1,0,0,0,1,0,0,1,0,
0,1,0,1,
1,0,1,0,
1,1,1,0,1,0,1,0,1,1,1,1,0,1,1,1,
0,1,1,1,1,0,0,0,0,1,1,1,0,1,1,0,0,1,1,1,1,1,1,1,0,1,1,1,1,0,0,0,0,1,1,1,0,1,1,0,0,1,1,1,1,1,1,1,0,1,1,1,1,0,0,0,0,1,1,1,0,1,1,0,0,1,1,1,1,1,1,1,
1,0,0,0,0,1,1,1,1,0,0,0,1,0,0,1,1,0,0,0,0,0,0,0,1,0,0,0,0,1,1,1,1,0,0,0,1,0,0,1,1,0,0,0,0,0,0,0,1,0,0,0,0,1,1,1,1,0,0,0,1,0,0,1,1,0,0,0,0,0,0,0,1,0,0,0,0,1,1,1,1,0,0,0,1,0,0,1,1,0,0,0,0,0,0,0,
0,1,1,1,1,0,0,0,0,1,1,1,0,1,1,0,0,1,1,1,1,1,1,1,0,1,1,1,1,0,0,0,0,1,1,1,0,1,1,0,0,1,1,1,1,1,1,1,0,1,1,1,1,0,0,0,0,1,1,1,0,1,1,0,0,1,1,1,1,1,1,1,
1,0,1,1,1,1,1,0,0,0,0,0,1,1,0,0,0,0,1,0,0,1,1,1,0,1,0,0,0,0,0,0,0,0,0,0,0,1,1,0,0,0,1,1,1,0,1,1,0,1,0,0,0,1,1,1,1,1,0,0,1,0,0,1,0,1,0,1,1,0,0,1};

010110101110101011110111011110000111011001111111011110000111011001111111011110000111011001111111100001111000100110000000100001111000100110000000100001111000100110000000100001111000100110000000011110000111011001111111011110000111011001111111011110000111011001111111101111100000110000100111010000000000011000111011010001111100100101011001


///////////////////////////////////////////////////////////////////////////////////////////////////////////////////////////////////////////////////////////////////////////////////////////////////////////////////////////////////////////


                                                                                                                                   ¿ØÖÆÖ¡     


                                      ¸ñÀ×±àÂëÇ° :
{1,0,1,0,1,0,1,0,1,0,1,0,1,0,
1,1,1,0,0,0,1,0,0,1,0,
1,0,
0,1,0,1,1,0,1,0,1,0,
1,1,1,0,0,0,0,1,1,1,1,0,1,1,1,0,0,0,0,1,1,1,1,0,1,1,1,0,0,0,0,1,1,1,1,0,
0,1,0,1,1,1,1,0,0,0,0,1,1,1,0,1,0,1,0,0,1,0,1,0,0,1,0,0,0,1,0,0,0,0,0,0};

100101101010111000011110111000011110111000011110010111100001110101001010010001000000


                                      ¸ñÀ×±àÂëºó :
{1,0,1,0,1,0,1,0,1,0,1,0,1,0,
1,1,1,0,0,0,1,0,0,1,0,
0,1,0,1,
0,1,1,0,1,0,0,1,1,1,1,1,1,1,1,1,0,1,1,0,
0,1,1,1,1,0,0,0,0,1,1,1,0,1,1,0,0,1,1,1,1,1,1,1,0,1,1,1,1,0,0,0,0,1,1,1,0,1,1,0,0,1,1,1,1,1,1,1,0,1,1,1,1,0,0,0,0,1,1,1,0,1,1,0,0,1,1,1,1,1,1,1,
1,0,0,0,0,1,1,1,1,0,1,0,0,0,0,0,1,0,1,1,1,1,1,0,0,1,0,1,0,0,1,0,1,0,1,1,1,0,1,1,0,1,0,1,0,0,0,1,0,0,0,0,0,0,1,0,0,0,1,0,1,1,1,1,1,1,1,1,0,0,1,1};

010101101001111111110110011110000111011001111111011110000111011001111111011110000111011001111111100001111010000010111110010100101011101101010001000000100010111111110011
                



